57.80470444137249
47.204032833438475
52.77619047310834
55.254497651341424
48.39828207938962
49.60584071592507
48.51097662193058
56.66876059621182
53.79604927139025
55.37178023843474
58.15039614300591
60.460406406859086
51.45650271723288
50.29244009953193
56.83705969346042
54.01325975069985
55.67204502489924
56.43118753679351
56.94203440557708
43.9893030902224
52.220579381143
55.405490804760205
60.726554346462734
54.57246990093837
53.07653702869797
58.555804731717906
61.4271431361032
53.23383893087122
53.67150321252245
53.450587527987324
52.788259512422634
51.75626110283264
45.13365543737637
57.55568293706747
45.07215341223939
58.81746925287146
52.75139917153232
46.953125848033984
55.419429610196644
59.906585147698635
58.51143256534816
57.56104089564695
42.135121043220956
54.75511384138801
42.55722655949138
49.45912394965237
51.659341094419176
53.08302562756184
50.36486814799077
51.857449424671
53.260795905036694
32.97442451018705
49.282409046844684
53.57358450184105
53.322420942473244
53.99788560959684
47.25662680753534
55.515591850110326
55.96017072898912
35.874994910188065
48.245228193041896
58.94100751348378
57.67418024701826
61.444896602384055
56.09578961813223
54.18266132099801
53.81403919904446
57.34124757500196
49.64936163346133
41.6449943776011
46.96426506535735
48.68276913781961
52.451735594648206
50.22454398920801
52.12247811921435
47.21187285776603
57.44466557634428
57.16702466960362
56.00648320309939
53.02956319845986
58.12145061110588
47.22275334356151
49.03522906385098
56.612257166162635
56.46974237533709
46.27513254087072
53.19553705178042
52.931830803154774
51.44191014374335
55.318585574413234
56.22860410626819
52.75470224819514
55.0475407941045
53.76241334932106
40.783223821855564
54.919132789340416
55.50241531542668
64.41295663633787
55.03390748677322
53.860879530690305
56.97162509295224
52.47395249754278
55.55689121017468
40.90630164286099
53.77392367107084
56.96612389140047
50.01136024402348
52.157957172685855
51.92948930082813
54.462404738221224
49.354706398546746
59.110136403979126
61.09982302331247
58.70818170828634
52.844619887905324
51.37581065673208
40.35121748485289
52.79745598798922
53.9743419747402
59.3810023836201
48.80899964587495
57.38443591992212
53.57590392588233
51.84830209570956
55.10206543356773
54.142778678007225
53.917494323495795
56.803471436947135
43.81124994387975
54.51496469053428
54.94881361242849
53.04741981408072
55.703205064694146
56.893862017776044
58.44102721840285
54.1549010680377
46.97003831755414
53.51998288570328
49.43828822460824
58.40222003749126
52.70338414995405
49.89089354501322
60.43969051048436
55.089980495722855
55.64933970051612
58.76701755561436
57.51074590412759
53.29475018355116
53.43025612107848
54.990360070937854
43.2148672608804
26.50930002942809
55.66123695261262
52.64047155235933
54.28081680018199
50.19744601326976
44.53686079359638
53.8163425370919
52.696944445787416
46.95530491070351
53.57583642486513
61.25537419790979
57.69723416537267
59.71902799769046
50.87598921812867
52.592950950854195
52.2161218893957
50.303002463124066
49.35350864311643
52.867876600182726
55.05083677501532
56.42630991736444
56.3451488720553
52.34759060586597
53.51445514637288
44.79065984412562
43.50231981159443
56.41022029328795
46.06353462076756
52.7216429412151
56.614386073799366
54.437904467076315
52.482178488594684
57.2401899598918
46.89520954682671
54.54779378328671
47.37559875717349
37.52821502939036
50.35328867482293
46.97773296194411
47.914971223498945
61.8164178140449
54.42609909394509
56.10857640592873
50.489271694251755
47.65125940468374
50.25798902357015
51.032459564823114
49.12085188649563
45.535886313377404
52.69821071492516
51.963646253136794
49.435142501808436
55.09734668323485
50.28445811099796
54.20788453515385
45.925520200945535
50.8641407972865
54.204664385500436
58.33548217223858
53.75344746300397
55.98849681561683
53.85276324596009
53.15627208950223
54.55251043830021
52.76375044844842
44.86861320943745
53.94216350286572
47.94967232497179
48.05586622267968
50.57440805999724
51.80433558710518
52.47794923662353
51.129232215482126
53.594368703867794
48.990462314490216
55.11963212680547
50.54766164736435
62.635440379585525
54.78112328801658
54.573087226474804
54.895114009358366
52.323796863152495
52.56382401035661
53.625570903383164
56.42720795416684
49.355678990739406
56.60099469137992
41.84569933215322
50.01619103114699
57.18134731213613
57.439079568325866
52.78001197159683
47.3677377279166
56.5707517788483
52.02218099331604
55.045851999208125
52.89754254318652
50.712674793283206
59.64955090009134
52.77075159268338
62.21919499407352
49.001035434332266
48.0648834842852
49.65752855785573
51.24868835511135
54.7884124081444
54.62762960536061
54.1759709458633
55.67576516928077
56.94198086887668
53.08760980757743
51.57546060477837
57.55014532828369
57.88411220169588
58.9120713861232
52.80223987346619
51.62994452098298
51.04213644711057
46.06463205096114
53.14937822242397
53.96972761145093
55.86258833054854
48.461640936021226
46.84145971097252
61.154036410746016
51.860659026804385
53.14225666338681
56.70068737221118
57.935197489062446
51.0384328527015
48.09941733975262
52.23805853633409
52.257537480689315
57.942350557807444
55.46197323682818
55.876623057425384
54.96551559832621
56.448403219781135
49.800319725252066
55.20417022609183
46.29386581863127
53.97539358494913
55.808740636413944
45.30519958968347
54.99267864987285
55.424154238370846
52.1075800239519
51.58472452636098
52.648844312588665
53.99186221571155
54.613608877755894
53.48914218246308
59.19346360670936
53.363712564437385
48.9676538550705
48.18792207712264
53.316508999398465
48.973483251733505
57.79522802815971
55.81402952665213
45.02318294687688
51.56031756681534
50.91699516601963
56.21423114681623
52.63742330851641
55.05842227880252
57.07801777153268
54.48379751551207
58.470585976364255
58.08605162239462
53.84079139710734
50.98040731910634
53.43683892210307
55.847913665354085
58.76053661956015
49.699407026082014
57.6158024177021
50.0985734947235
51.50854570310044
49.706722227802274
52.95686398298526
52.97765789341015
54.5894726369961
56.67158567265089
52.4572237953722
50.06086443800568
55.94736669511067
53.224042203940435
58.46731513927746
49.398622282382206
56.96612389140047
50.04386610486561
54.22354786043403
60.85006857740514
53.4696542743489
58.78877275906504
59.2117527321104
59.75290176514663
46.84519322669662
50.196837270942744
55.41154942045709
56.038581787877135
53.409182745052746
35.95272684901754
54.08527480268556
49.396257066755325
49.76581919804519
56.94203440557708
45.92901727850951
59.32603521007401
56.96612389140047
53.17795501964653
56.11094724282022
55.12012872508051
48.549116633350245
55.83758576487607
53.05475494158661
61.21647471552549
56.17470625109511
46.2135405353268
53.67715215220341
50.643170640140134
52.12035918383221
53.40788607684493
49.5788066138535
54.365767742219965
49.156542192771326
50.53400548113625
53.382864113748774
52.645995660517826
56.138966749068295
56.90249236549305
53.10172296169508
55.46561718420378
57.80076107257287
35.88294131193008
52.45969001350849
56.53634353691475
53.52228239596214
54.23356793648595
53.272489755960216
36.435020770087135
58.54859048737448
58.73587756308347
59.3314639771435
62.3484061976122
54.16559081077437
53.96137334147091
55.28969024757507
44.17177171925072
58.2674613468835
59.692781156931865
53.05475494158661
53.19950053743277
49.78635695996062
52.68393116711627
49.88220298885199
54.05339285969685
56.14607478612034
57.62883426349924
41.6776791299182
51.67932149008468
51.35045666241977
51.812537021422955
54.33926394012603
50.45222687499012
48.04069297413074
53.42958471618056
61.848758584590364
34.839399778227886
44.6491983460496
52.95890057925383
43.56178905030243
47.23561233027369
55.1089597563065
51.91802020666581
55.693644489680985
52.2845191777194
55.27936169665582
57.72369187292379
39.741548026566456
55.476913290746694
54.00650901729814
56.02476937403617
58.3702862502526
58.45694161005902
56.51088411940306
50.99340376515184
52.05423866316611
52.79187762914636
47.40970631479084
56.05096167685813
39.335291222054835
50.97251461418501
57.25044609630614
54.75482092224352
53.79710478595409
55.204213457506896
53.52570496917328
48.263263832392674
62.635440379585525
49.22579552240501
53.76191368119212
53.69884897608739
52.1934962316527
43.82202620676313
53.539159527483335
50.758714854635436
52.72998025968281
39.32558903549945
46.55619463650853
52.45922780042895
52.23772227580367
55.69567859499656
51.3148442365396
49.59138678211761
54.49990540087943
49.81713314672741
54.44075255498698
26.599870883845504
57.52879428345534
58.25857643931541
54.11751104359238
54.18371346295928
57.66353297878749
55.766899464993436
47.67495867419588
54.50020714594409
55.073996493937464
56.72225713402302
41.78526238651749
54.1277914775816
50.408561555093534
54.36780862294287
51.426354373696824
60.753899999648894
48.862836702322475
50.23063162591454
56.94203440557708
51.144718690580795
50.14664309750408
55.58184989730895
50.03544819883869
54.1648336778596
52.43345118564169
39.886555117955915
56.40784011661151
54.64804022538811
49.80838321554509
50.66089864822471
53.49159964806794
64.0799639325152
52.80191685144415
54.293636330580384
56.39884247997497
50.71462323588989
53.645460018011136
48.51077982884528
53.78920977069198
52.189164772373616
53.57429002726363
54.51212591073298
55.56891779690964
51.71108989055964
50.99548063165602
46.32062750264346
56.87771075126639
53.21920554520731
56.974828560539876
52.66231981204898
50.010383348241284
54.207495476372394
47.36304991300685
53.332428685737575
49.206856766234324
49.668429173061064
59.55067350666929
59.20349713811342
50.551003603586906
51.93572299124528
56.27749622548127
49.824708153880664
51.326876699580914
57.05357943212083
52.67900019172026
54.966300278678496
51.078469857977375
52.56098138432015
56.728654866853184
53.290469001070996
50.59809600561685
56.06231571364752
53.275667732029795
53.629366410984545
58.497565775991546
50.35315171500209
53.28911735105785
49.799481562148216
48.26459142026869
55.448135360235874
55.470901221764336
57.90790401448997
48.82478259846213
52.40041728759167
55.84854948361062
50.1681845161452
51.500179819156
48.55949594525987
51.22193800004673
51.68832709696037
55.23283746084731
47.62365067725715
58.39125619943455
48.511448929261164
61.27990356326597
53.110058379162496
56.94203440557708
50.5998868974201
55.15467623289411
48.06716836159494
51.797176374150276
50.546917791927186
55.27370961731741
43.642160252429804
50.13316395668841
53.677140398203356
54.1549010680377
60.55475242656153
54.180285023363616
58.3875058265126
43.41663003601135
59.55531476764893
52.84911412773948
53.05475494158661
66.28813134953337
58.02686721266224
53.4696542743489
55.96638109180482
57.3235535418036
33.84504053426647
56.78331352876797
53.316508999398465
54.87674869221319
49.372102098596685
56.3981412709379
47.44970616778734
51.406089109381355
57.96948859122171
41.40547601758513
59.79430587284071
46.65550589467848
54.03435250898958
53.06178141519264
60.025308794090414
47.77817860754886
52.04478696109133
56.37073707005222
59.37252573424305
51.55734864603698
60.005258840161616
53.91689172414889
54.481439841294424
55.35320004866758
47.551130160886906
53.17175761037513
52.29173916819496
56.07616200317911
57.24736349611156
44.119238105914086
54.588611117688544
56.78331352876797
58.18159375994474
57.143423179886355
59.20189818816768
49.61202405013494
52.823412684276605
51.74964671049244
54.57649363792846
44.712099178114244
52.47003850932025
58.43293466122076
47.58738654115659
49.16802212681654
53.05706893199644
55.38872589907612
40.445222377868454
49.999148054361854
52.02982163065499
50.855528596536104
53.4711932259594
55.10301190436268
48.30184380146023
52.71253335395271
54.76881438281396
53.031651516093525
52.41833744049037
51.30630417242836
55.17131480404001
46.6982283248089
52.95994452642447
47.84774208022894
51.75057229438764
47.57631974303067
44.95114284929926
52.809984532389635
50.048452674282856
53.74073607838322
54.20082987466277
51.9750537903168
50.659618365743555
56.14122159441439
54.921533523592565
54.53913320181866
45.78390134700123
46.515108635070675
53.31439542685607
31.620983923599738
55.39340627293431
51.444288041272294
50.07580351990008
53.42073566437349
58.56792602969625
50.50145459766954
46.53128840108747
55.693644489680985
54.065774993892745
52.71253335395271
45.518144656964196
54.4747636294515
58.69422356992221
58.168886795768714
54.21057126093665
55.20278825023832
50.20016382160087
55.97907354503865
55.99929744446948
54.43303843751319
54.12375441746908
57.38443591992212
54.173426136893134
48.584754083213674
53.4567051693149
39.4274459720238
54.04226636460764
51.898793280280266
42.46762038070465
42.73965023171915
46.285972945518274
53.38625282732427
42.09680447392887
54.92855624896286
51.18574968455977
47.84783363123939
61.860325436514835
56.52707469690564
54.10146481245696
58.69054488569264
55.67460073113239
54.19467618866182
58.56454995087491
55.72171983992282
50.60731866683723
55.323035095176
56.2516461646162
50.94745427968336
56.39485626821747
47.878455303298225
57.42262727040534
46.96351793491656
50.01046290002486
50.86715123867394
51.34694134778605
52.289901049470416
50.80111246119621
56.711384454614716
50.381704554734576
55.53971594687737
37.83184286628373
49.99783963963636
49.108082237229496
53.3285649123162
49.21435013173469
54.34272424776797
54.79240466667292
54.39293683786002
54.00916795100278
55.660913898234135
51.56308095168907
46.17864913906242
50.98332553380584
53.54855404059777
60.90880898722349
51.72106384852751
53.56115530147551
51.711543305213645
48.114856177884405
56.551403168615074
55.39808579853072
53.706945467887174
52.078250083456076
45.199308762309464
52.12035970232441
51.33210830633854
57.00820322892065
55.34496399387743
51.83517588130709
42.17000278114602
55.64809403660922
53.768643114779934
47.286768594996644
52.5031255301016
55.90546345398384
49.460396606349555
51.25876193796724
51.511834570271695
53.708309592752386
53.40508761776927
55.327795480787195
55.39041339048475
44.162199207798324
54.30102635417261
46.8074104079489
50.339731690705605
54.392141441807595
56.33200539204276
56.22380213439017
60.55475242656153
56.52154484266426
52.625044452228046
46.51150081928601
35.63635665093939
53.77358955874215
51.32065597413162
53.48390416202687
54.49388321121832
47.01650077153976
46.72874714053789
52.16363993052767
47.48573619679153
52.60771350221323
57.805955300034114
54.655298384054674
51.688600453524
53.16664381744871
56.42816604652977
55.03337508480487
59.51338784903882
54.03027997361196
60.14139397295219
49.106055267895584
47.93280032598258
55.038040120762076
55.957056308055975
61.852533522837135
53.132558964142476
49.0371447134643
58.4285481256155
53.32720140356515
58.50206867140063
49.56669917688785
47.78807496647179
42.635417249008825
58.629479544658466
51.73353020075598
48.757634197441114
53.16223209397825
53.272489755960216
55.979104253330206
53.63043971941042
63.61177622383653
57.16558871931
54.556575876725965
52.447232518894126
53.153538884839456
54.50976157857962
52.55708602132579
60.48354238121531
58.05184788487598
54.754379952369824
60.23090655304767
59.792125328231485
52.06047115712438
46.201076991277674
58.07842139939867
48.67967263410871
56.03831899309198
49.437874355859854
44.205967147986044
49.54724263669138
52.97377649938615
58.046222554055355
54.27822315937118
47.607053848786855
50.92676395916908
45.87538880445954
52.61542266310868
41.357305216859984
45.46633714518903
58.09861805197564
57.60072335017812
58.299731874246426
58.84476790873053
43.49932441877966
32.591952529712806
53.96162429003064
54.5686516916641
53.351354162418346
55.51178143435579
50.32463581469434
57.96736454826824
46.308993650589294
52.6138850158309
47.956429742537274
55.33385379456941
57.479979455712474
59.9014617716398
48.64801201242954
55.30090707640815
57.42568300343084
56.44671661058167
51.19086081737219
51.792229235673865
51.911703886486976
56.6646105260648
54.55323675270898
49.13127983579468
51.47745690299292
46.13492399449421
58.19477093733211
52.785020132049134
55.47040076947646
48.990462314490216
47.79128284713652
49.98004646367885
37.37489120018062
54.894609443415106
48.998838848487104
51.45118017167544
52.39360319316152
47.610600987602155
52.61825144999248
51.25160746781992
55.493677664249546
59.33062978216576
58.64265874994465
56.39033481107997
49.41130499355656
35.63817150595146
53.32771114104522
54.82217926194256
56.70006161378506
46.465936528568754
53.55196599788305
57.85707759175035
51.85422874510238
56.57123031908332
56.73601768453449
53.29474212877137
52.94782096551791
56.551403168615074
51.41582371963228
46.79456175982138
50.825175039275
57.213692328961635
56.974828560539876
51.049613030730086
52.98158879299916
50.750220889356214
56.77760512671845
54.76688281442629
55.84751234718348
49.48866182913966
59.57915714493816
48.630327898811295
47.837604293985144
55.59737914589764
53.90779118942922
51.30188522362072
50.55342048843181
48.3893342202779
47.48625326044642
49.44088025292665
55.364264648289186
51.04434532659808
61.194532565013375
51.74688671950407
51.46044063471833
38.22985652637175
41.773655020582616
50.66768110023526
54.634879483641676
60.12184822834937
51.94349782084396
53.27187646616612
55.3934969925503
46.96791617477103
52.64949831855721
57.72541921963622
57.39710245211495
54.95284389488035
55.38339634536727
50.67426221338814
58.92492887246817
55.68070098856395
60.21136513632207
52.952562947576816
53.43236528126661
51.93825254680722
39.63231146350588
50.744325838232285
54.21681933266643
55.840347547830035
57.91699009903705
42.89098833016154
50.123460309547106
54.5492418264031
52.04005212322048
53.46056180402404
50.94674435863093
49.64783146567393
57.24402144278222
47.279352902533454
39.453440127435115
54.91152872407093
54.417607865529
51.610038252671465
51.25529271172157
53.84676672581127
54.666480166721776
54.36694087073861
41.53124437356082
54.79940125573639
54.57036983072948
51.52109407647858
44.24011058773955
58.762896220718616
46.62891157935362
52.008784259425184
51.71362317486289
49.60537573925374
53.156907854661576
50.923517142208965
54.19698092082222
54.776637320888966
55.276380824697775
57.15203599995784
45.03148834006727
49.1971962132047
44.61914854113299
51.6496372020032
53.52547608470376
56.29788867573909
49.39011117885648
59.20349713811342
56.93928411811412
58.45527973016515
55.20606866071627
51.42940003375059
53.45240124157299
50.59231199417897
55.809910856683004
55.00376280496333
52.192439203734274
57.82744752510879
58.865577461067275
56.69519760772208
52.07926110508656
54.67040538034261
41.08499979609222
49.61178045299214
52.92082150951269
65.4953176574361
53.88914520458747
55.04009966081719
54.11851271987974
60.408588608881736
49.672978928212565
57.25456688133322
41.21658720241067
52.39113485601608
49.90465676578698
51.426450949470514
48.12696922907287
50.81341440015781
53.897761604172096
55.84077391542946
53.45974902590425
59.85114025292548
52.418494232972684
44.41140752267178
55.01078467676214
50.41853476043376
52.886060668694526
47.98789339122613
50.61200205104758
52.68745667888777
54.83217593487379
56.28254963054519
58.94164166111838
51.040892976297556
54.35040373231304
47.42003730310075
43.254596155091114
49.408555744482186
39.52362955325315
53.12946102962419
51.84301192777743
54.29650156117387
57.463215349475206
54.75652813594021
55.876799094355974
50.74501188337795
54.77652137163879
50.90241037193184
59.48742305568245
43.13676041454552
57.83681691434288
52.965794046924955
53.02070847625151
57.9861669445691
58.517531204620674
57.041376149260536
52.30475176722424
54.18960641276675
53.11580541812335
55.392181680523464
51.62115971658989
58.98359168328244
41.14312904035446
45.94775758289045
57.46315648032034
51.5146631875463
52.584303695152634
62.36353126004907
46.27727915910071
60.265648766425535
54.57624267543066
57.531606990178894
41.634003637028236
57.81413534407187
56.78711304632227
53.72503540104307
55.57194973401405
32.84533212820393
59.3801067989708
42.7511465692022
48.927982083197996
48.12112095390014
54.45967057803363
54.08190794733028
51.769459662518074
58.12145061110588
52.43550794624959
52.91683633648282
52.21771303616667
51.21977693058264
54.11270954977621
46.08219779548366
56.147093350136494
56.45654139808646
54.36867422659099
51.0440180884378
56.34479413810453
58.47701477423688
55.41294898764616
61.63827790955153
53.49426121518232
54.03408890350114
48.41690925701562
55.236302268016594
56.338770512251656
55.426557115129064
53.44106500387208
54.619523938519556
53.583150674804735
54.61424725020723
55.195720788634596
56.51348092176021
50.00087698235864
56.330816828712976
54.54455841252615
57.13878174187669
51.786100612237256
58.84944674448471
43.77298896036311
55.788411197820366
53.895444159113744
51.0429038112607
56.23610518576946
48.73484006478538
41.43240891813215
56.5778137424405
59.635932655987666
57.70922879713551
59.76127481020484
42.06089565243592
56.887239425917386
54.47042882515953
52.567970994062705
60.03430665714641
58.110101155008046
58.0657086104307
55.370091024191076
56.18692755230906
42.447155930971995
52.952562947576816
59.42947979224837
54.877352717979754
52.30553214102572
48.93439998091411
50.2701986420285
54.785171974976535
50.82672293114001
55.66499618956112
47.03603728792031
58.637626412914784
53.44173076105266
57.905762556725925
59.46790557240325
55.55675270978469
54.73680160568472
50.83590957687454
61.08982541630972
54.53913320181866
49.22815088112916
54.85435337632519
55.075033465647074
53.70173340932686
58.97429814686222
56.14107256061336
50.81438795788928
53.44460735818449
50.30363954467513
42.90098676679339
60.44541446854348
52.48678217021366
53.60249145936607
58.22729447138063
49.88960881332617
57.035572152493216
51.394214979794654
51.490272392296085
56.96476484755189
44.327061567585304
52.93575853663875
52.751459924645836
52.53505600032787
47.06654555984637
51.73771659154773
32.785468725548014
45.30336015302476
59.915912524085265
53.14225666338681
51.30581308854404
56.29491909053298
48.323651734233884
52.788259512422634
51.983048337641804
54.8837128470848
52.59020727146578
55.02133385607937
50.74317094724965
54.23422107682136
47.62442585147072
55.15454658583015
56.00648320309939
55.37467186430009
52.53508489573109
55.025292007159095
47.79511401715425
47.67145042801067
45.358836365210536
45.25767940537264
51.342280598425894
54.42800027783651
56.676925884843854
54.33117134913277
52.1937327030962
55.68262144010255
52.300107551997385
49.10612839654212
52.90677599049274
51.34670560698493
57.079780132198486
45.55437346049037
50.744325838232285
60.56132287473831
57.7342445808051
60.03367285360415
38.91881328480379
58.27368541355073
53.6867133725636
52.87755622613232
57.21499021147632
57.60730889642291
58.501243435176285
56.974828560539876
60.791242430333476
45.33644879880571
49.44088025292665
51.3799012174074
52.58836066322859
53.84376548639226
55.39173601016176
48.50995274011847
52.26760848584765
48.90388512468464
53.800885372163954
53.24398344014029
55.31203592174012
50.59452259822283
49.4989928938176
50.44844785661704
52.96527754893538
41.94539464230976
56.48383766105346
55.10978380757295
54.477339269273344
56.12388883617143
57.89622404039882
55.293879161228226
60.88954600336065
50.78216559186687
55.442597103758445
50.0197443560619
52.50767451853582
55.231386017410074
58.85283373944725
50.88672634440603
54.342348078800484
52.80517616178975
53.23205342979539
50.29549346747949
50.0355816510896
57.23010097264385
59.12613973959961
54.851194900087734
46.24025412776271
53.303028559678104
50.26582298352671
57.9234797839907
55.64809403660922
40.30040071902223
42.71694533741435
55.15950543940176
57.27520812298736
47.16266035645066
58.21826586467758
56.91366821431991
46.73397156752561
39.63969654095232
51.688877486352624
55.48227072016797
55.76033369488613
53.23465347089207
50.18479799310624
50.69419896191796
54.00633499667254
54.29670716134136
57.83681691434288
56.008067264541786
45.86962922967861
50.74835699642654
49.37029668465551
54.64480573673259
54.02225641716017
52.2960853404283
39.51056310175259
55.82333428067405
55.364207273102366
52.14653371319539
51.41589898384711
52.54271962445512
50.96425475140656
55.0730613654005
54.67679411170257
51.588645267734194
54.10723262809304
49.17886018911467
55.453458095160165
49.469667686658276
52.791560917858504
48.86278535716396
59.565143194519926
52.473929880478494
50.50828111244774
47.73025845432503
42.66410635025475
49.29481601634105
48.99145755345238
60.594947484891534
54.80737982815863
50.925063493387896
55.29393040461874
50.62197412092854
49.47459481702969
57.0628755465752
51.55055933566302
48.993597296951926
54.9977249738116
56.124706143390114
56.03131382733971
49.219226351202536
51.58070479499924
57.63404647873766
46.4159649355187
56.47738713765143
48.89716299575896
61.24250534640132
38.27124290106796
50.92306031776224
56.0153474489243
54.05339285969685
48.690782105098435
49.266161930629856
54.940538562721585
51.688600453524
50.88867491338725
56.426151008868885
45.067981578888556
51.75869130984397
55.98445802861169
56.23344578619129
54.50926033458018
48.807305097009284
50.85360040180279
61.05927119074501
58.401137166674545
48.73572055973704
50.234587835404625
54.07889112615186
52.814587221407976
55.46842958598677
57.96736454826824
53.75572471799719
48.59192273485643
59.03153689388516
45.44177171129795
54.84906623733582
55.55105636385653
51.55603266237906
53.43236528126661
55.32318572625859
52.863507895748604
49.57631401014023
52.089702203914534
43.949702737699766
53.709142063385
50.954133052131766
53.227855570684476
52.909438652544274
59.29597149051865
49.19948872611376
55.71943993258859
56.22322476892409
49.75703327455789
54.9721010583583
45.80100083803811
57.24736349611156
43.9893030902224
50.676697402043374
58.13259468397325
47.10466960593998
50.57897827545319
56.18355686548922
48.80786520608772
52.152303739747694
52.79181972257247
61.023677017229744
54.76688281442629
51.5768160437575
50.61076253216456
52.60086335757859
60.931766122067295
59.62972181774724
57.69568223080163
41.130317025278984
58.168886795768714
55.670386150559295
55.36074971540372
57.3235535418036
59.65386883457775
53.45339562253132
49.69679818836368
50.35328867482293
58.84476790873053
53.02138635985092
55.93734567731583
51.39964892786713
57.74402142497172
58.597542271656515
50.82415108037065
44.484380257813086
57.01858884028188
55.95381514248302
52.565185171654186
52.22358096871437
49.89150369626726
57.543737926258025
53.088444707141754
56.224071637337936
52.44133058405919
55.62849028304676
53.95327972793321
54.407024469519165
52.98601908743881
55.03835732710635
49.530648481323006
53.55679481213795
47.91079526597018
56.78264982771862
53.32823384351293
56.331940950536314
54.15889247121578
31.336190321085965
52.49660565376113
54.76145419644363
52.36618548347181
54.62762960536061
47.65585907340316
53.463626366294676
50.17479222801213
56.59631958054088
56.32718896728345
51.688877486352624
57.19056011637855
55.07123877939702
49.13314083723016
59.200640588836265
54.14674687042116
50.60731866683723
57.36245524503642
47.75264517831578
53.34257639023492
50.14311084619007
55.28175488067828
40.815747805719546
53.444935814221346
39.08070633462696
53.78920977069198
56.47377032621795
55.81313308610549
50.67705769309487
51.75848863814652
50.89285832961269
61.40963179078606
53.02027598453581
52.97132966951713
54.49909473682887
56.45465023881939
53.84021659571101
53.11625126660111
52.77546574725874
53.92396555180704
58.40222003749126
46.468418372822576
54.222862192308305
50.83677661844281
54.20082987466277
46.29386581863127
53.436766964613405
42.34948619486871
52.81560957483897
55.20234174298194
55.10847495974788
58.85964852440397
51.23823161958611
53.19613876258738
50.157999478508884
46.882154697673
52.28493767721993
59.00365094584947
54.303847466569614
54.36575823212472
53.47139608444824
51.25744908062777
50.575379191546034
53.223114554771286
42.66969980267354
53.83923876826266
48.33674032130267
55.04283345095853
50.991327069320214
57.13840052682653
49.856956105900345
51.2396165414135
50.61022230460786
47.279352902533454
54.57169524478942
58.68517170761808
57.12466698822087
53.50285245694722
53.559488354584694
59.35170539316898
48.944714784721064
53.25426434465045
49.58611571517163
56.920092278027376
57.14146493706394
60.495072813540936
57.16594024540752
58.80144540449403
56.1841013825716
51.565468596309564
51.428377397662075
54.643773926108466
56.539814304276646
57.597608459967816
49.266161930629856
49.196648193913845
50.391994712346815
50.14411317965642
43.17954509808608
56.172450555888446
56.43836161889481
51.70930410070553
50.06168789823738
52.00031506278585
59.79113505796411
54.88650123758773
53.54855404059777
58.753261355847656
56.18692755230906
48.45835330876532
56.09407513877956
54.317766728958254
50.454508774670444
55.05483749788808
54.75966006340753
51.21239826420776
51.42073963455155
51.109437669733275
50.84511981360386
51.96705409230228
52.944013198668
55.94736669511067
54.60677583629115
47.350170169849605
47.13817190534748
51.0195587207506
54.649145754351956
46.574073671781065
57.674191508351385
59.97221185178356
51.516715194576854
60.84882577066053
59.905114313009605
56.912658853788386
51.594111990249665
53.86426828475471
58.09828076270554
57.47851387433658
53.016753786421745
51.388935961628036
54.12404475965144
55.09486380357284
52.64003814670958
56.42666043588505
53.84289959052575
50.675756888613925
40.38148711722961
50.87114715854159
53.438766008020465
59.29193541225674
57.56270686016195
57.70922879713551
56.34293532324532
55.95062385240666
46.71666032665137
47.91377336926954
61.357751791082094
51.48379484906743
52.482178488594684
52.934685549524495
58.07521885131161
52.664826489113
54.47322251534206
45.35243762068557
48.052376054900506
44.66678898827824
56.439884757958446
52.885462873150644
54.18960641276675
47.957013978407986
56.506214329074176
54.4747636294515
56.40286639961488
51.23588804378104
56.43541091538233
53.72867706969485
52.90138791537938
46.53128840108747
54.30531676910829
55.145909473773614
55.74103967490644
51.68090968907275
50.82398084036996
53.931440514360624
65.53840421144066
52.94754185073604
56.072438444467416
53.61829931322593
42.94480630094213
53.45532290629083
58.208581014584226
54.04226636460764
54.37225695652817
39.6555699737087
56.906400360600216
55.53956839905531
54.29872912603564
52.66401244755413
53.406576417630795
56.083126618149365
50.97492945898688
38.6951488935897
56.547315990723945
49.051280894343556
48.906111984171076
54.25888297008999
41.967525487122636
51.29471596619651
57.73751739585116
50.07505790713627
48.00100588124968
50.408561555093534
50.40544670233036
57.83193574054907
53.47619165185526
58.04351759443596
54.85181382859933
54.656321510522694
54.13664480404233
48.59817428439777
51.45045923861747
50.91427082047792
54.50926033458018
49.23828623377511
56.32774562383004
53.809465209587756
40.690099818441894
59.87979278912375
50.16578367341469
45.52826646485105
58.50575323371421
54.82148347189251
54.2778433387205
56.328164828968426
50.443583967387596
50.21047878970492
61.28061638196768
45.67355487281839
52.50630546454309
52.944408216309455
50.183499526484056
55.18992895030108
51.15423689377144
56.79669448824124
52.381852905188644
50.75676807004833
49.03522906385098
47.02771921659063
42.71477334398926
51.10469933570877
46.63170787314431
55.934309155910505
59.5218896087189
54.52721287724115
50.58323519328164
51.46123134363287
56.1555197555467
53.439828509519664
52.43691501412213
50.306702607308324
57.18605027177331
56.06833083821297
56.06833083821297
53.400649356137556
56.26780734980434
46.44657052343136
58.84476790873053
54.72146460196202
52.2167939967625
56.946549483551976
51.73114272036829
51.52349027829143
53.04498636369886
56.638388580393396
50.070619345509805
53.268153884225
44.57418477818377
55.20234174298194
51.79575229322822
56.13337026923013
54.2832545315132
54.49479334082659
52.98154496632292
57.175592291914796
28.80584436440466
59.39302064437138
56.448403219781135
51.66177613511389
51.496132569196476
56.4301053435382
61.37873816690669
56.33644059057133
41.79897538540626
54.832006813206064
48.14711339480352
58.44388000481057
57.62030894084404
52.662788661727085
55.51586472902082
41.17789313628245
42.25828729639991
52.7151759620274
57.02425054874719
47.86509366359723
53.12461383981245
50.03801670745612
48.1305733678449
48.77498027960115
51.798265714733795
53.989104672519936
59.24494932353177
52.389203476404326
53.05475494158661
53.875378754124974
52.02210619473221
59.680635837418386
54.02411990755279
54.48385472821671
50.92753000526343
48.39534144345086
47.427258428584956
49.9585510886807
51.95304618027768
51.18069239773755
53.20958973507358
50.33865291828596
51.163595371305256
54.68347093491485
56.92807016570862
61.32755064439363
54.74692575014246
53.75068900361484
52.131973958781195
50.83590957687454
56.68414680766126
40.24875613788053
50.06052884034015
50.123631388755435
49.3787604478426
56.419247463274715
57.30605826918293
54.01748713648921
61.106022761399785
50.29410083317053
54.096924417003976
56.20413823371526
57.09498917435912
56.62885479675376
58.066386060092
48.7207042593363
55.70436804749269
57.00820322892065
54.15489606678972
54.889600881323645
50.03544819883869
61.01861661660601
48.046414958254246
46.606251617529
48.058398213306425
56.81363063180755
48.364028168544394
49.147439845580536
53.660310339607946
57.35445630977489
54.960196116008625
52.01370388672217
49.94532193073562
57.143268478681904
51.20235226354577
54.47311514285254
46.66121325810039
52.92184008429398
54.35450841047654
42.794821111385225
26.381500124151728
56.51348092176021
48.096722636046756
52.259256449372074
58.58156923425899
50.595303086729544
56.1142623572115
46.2451302500795
48.60718279616121
56.94203440557708
52.09040991660368
48.103693403784014
52.1801085111182
58.34896341708219
57.391048046328095
60.85092027876195
52.94240271242071
49.75668874229138
55.881078828316284
54.31795852543714
56.13705604598627
53.96321137530917
44.242011201679944
56.361796850695704
47.991921273144115
50.42331918848038
58.22495413566716
52.623566852355395
54.77893856920581
51.06571623715498
59.855564127462436
41.91634006950293
49.88483204948729
57.32849439181536
51.984090514801856
55.02694126605336
59.800907753367156
55.27070789050686
55.21305626372777
55.88480429034821
50.092781411129664
51.18921792193632
53.89765938590202
55.4982315861132
49.85948465246787
51.636012871237675
54.31545815552289
54.00916795100278
53.860879530690305
53.373657965176385
53.32771114104522
58.08605162239462
53.36252886346651
56.47748226036887
54.47042882515953
53.383001698373185
52.15488718704297
54.73680160568472
55.713008194733256
57.94950995656924
50.81692220126506
57.38443591992212
53.48390416202687
51.1408043204628
48.489633972654346
57.64622807436702
53.695202245892744
40.27943702231878
57.51274662816956
55.63695885280553
44.3686923777342
44.836477846831585
59.55320342923582
57.993165762026244
49.23605418331882
56.227179864997865
43.863257139412134
57.17764267159339
53.309971257399106
48.18243287085687
55.59038617260598
52.636154846966235
55.55901338261037
59.5801237825029
49.953086154733704
48.76376736383359
36.553671896993066
55.053497284277135
50.14685307656445
60.09208287766408
54.74548775121489
55.00926572506812
51.5993042763391
49.06272256471047
48.58508881807901
53.07060963618224
53.06170973356289
49.79201434214569
55.111411564182674
55.195720788634596
47.546032830108864
50.0569046595324
53.30548127140193
57.19739998586621
51.80698357837742
49.611135938066234
50.10214996775836
54.4516551803093
56.92872851572707
47.45853315969791
55.88624442656677
52.94637458412709
59.34746564589287
54.51235080351118
55.93492316420131
49.36367031044915
57.97096075913281
65.07798490804478
49.82833175683587
52.48575253726247
36.674909279908505
53.64218200256128
51.34212758093251
50.96425475140656
57.32849439181536
59.76127481020484
51.39709586113923
49.33308792557137
53.14478413001938
50.73345201757976
53.18056903953821
54.54768661245251
49.8551755451795
53.58913645982423
54.86332930141013
57.18599877951005
56.475824580826696
46.047997090524845
54.88508416727383
48.078067265950615
49.20900810635914
57.94559385966679
51.833659085528794
58.371368701623126
46.93162403049486
51.5310452406384
55.90104263501795
52.4339739051041
51.84301192777743
54.54571959606637
49.27222370865233
49.582224067939414
59.575492957579804
55.68341854896802
52.17031573260394
55.3108484399831
58.21797891717941
48.88467121029512
49.6603413514961
51.574171096477876
51.75057229438764
60.21190795961861
49.519452427411046
48.307951051019614
54.871969517907935
51.256267744185394
61.27927054748806
48.44069204768031
46.89976849975974
53.458795994933624
55.79146627254753
54.516302698823196
62.93791542032022
53.15709508916834
52.119175644635675
50.596005381087714
44.726196065216044
54.31795852543714
54.942776950939084
48.32976053878259
58.452513988428436
56.35069502314099
57.77386107369014
55.09656545575588
56.85428342867325
44.86929772809903
55.528053251261646
54.55131890901703
52.047685448444376
52.070988883318165
48.856504687465026
50.50288283396145
51.150858154402904
51.54616301558518
54.066844652048616
52.099739012372666
51.145914646755955
53.86896838420382
48.066266730713565
59.3790769938588
55.44197892992396
49.585270570485015
46.02677662904573
53.33986239846155
53.925372906436195
49.188436050253024
53.96321137530917
57.89591460949154
57.876104398816594
49.20413380788359
55.14596695549661
54.10144831981255
54.846503856025635
59.39926259567759
46.25125762828276
53.409711247036185
55.07060373649335
51.12622317564137
47.679833436356034
50.92362588700367
53.249021598529744
51.50541058335639
52.76866570390882
46.22748416056771
47.76006346498768
56.30328370147026
53.13853302780688
48.55810003895551
50.41369044707536
46.8074104079489
46.3402298492536
58.561265602804305
54.82395499068547
47.314940394565255
54.379511777638655
51.816813819309196
50.425629363835945
47.47246315020234
53.98597450957824
55.42748840275679
50.67742100893246
50.43419546980475
45.2286300534626
54.12818475345063
53.406576417630795
52.261346984722366
51.285043506523365
57.830341969520035
52.160995632563235
52.342013470341485
49.72090775696908
51.94469787862782
50.619187590076955
52.43893429505231
51.836265124679
53.391891921709764
56.35147747687101
55.24364758057577
56.331940950536314
53.03879328340973
55.08883227815365
52.187536059091315
57.96736454826824
52.781910976049694
49.629639025632265
47.50018921512247
47.7288810272252
57.39873233501523
46.134573096016126
50.910972169540486
48.5190380996369
51.52772153725135
55.66244530071035
50.156107077020806
57.82976545127637
51.576145820857036
54.76688281442629
55.757531539172
54.846503856025635
49.57523552679665
51.77141692225186
48.99432410934339
54.58692022556154
53.561861529917614
55.95821671491365
52.09659401239348
54.83713087412428
57.84217211086753
54.30204625637292
55.52032693203534
52.88251988559171
57.13113848453265
49.2955682689212
50.08580447643775
58.46092569840641
57.34802311374069
52.227156664602255
55.290255167128386
48.7712551803305
47.280194944629905
52.62954479325471
52.70472739421345
45.140458210782086
54.3875902161308
54.273070961418355
50.32244917775178
56.78331352876797
46.677073813362846
54.17191451671046
46.71188481271385
44.6606346101074
54.106064542334046
59.26393131547908
46.21070561536568
52.00565027271757
51.47662750191872
58.27418073394641
52.03651209781999
50.63846385832998
53.10087836538588
52.35937972726448
56.06231571364752
53.94378628154275
58.05925910984945
50.920590001003525
50.17324110496844
56.61195459706471
54.9948640955112
50.6518531406835
50.15208825518936
54.49132704080928
50.67064055556979
57.460620673227574
46.69158407297778
46.66805700382012
57.405143887254326
57.42262727040534
47.71011836748268
54.19718302302837
33.62745213810222
47.701372744344724
50.74835699642654
55.99103731620936
41.470251395870086
53.55253814853309
60.376424034103735
57.70922879713551
59.0672990401386
53.60082840319561
54.28281871530148
57.04561347263738
55.637912313105694
52.82520122258901
54.31413087719352
51.6857177728136
48.565362739229975
55.87052598372829
51.50489997156739
52.36638035067878
57.00820322892065
53.819460198730894
54.121383799491994
46.10357063855028
59.68975624764715
54.82642226152671
53.18303536111156
50.477763428789764
52.839536930597795
51.320461214482215
57.364301402794645
48.3249434731702
54.9721010583583
47.21249296806206
56.94492153937179
55.27569549721631
59.73935791462742
48.85624166038284
51.72401127737213
36.56824455018947
49.27948665335866
52.219829923052785
58.18159375994474
59.910973404096964
51.92773739339319
45.76479084040017
47.42382510890559
42.406863290008204
53.4956638634136
61.095460035053804
50.42631791260255
57.65351718247283
57.479979455712474
51.02014283674814
57.06917599177729
55.300242979323656
46.72599361158325
47.0972623611271
58.573221922311355
56.6060042634468
53.05339694784649
43.03484079846023
58.03698739821617
52.681845461691246
56.75750471451092
54.41537226625646
40.9893316959873
58.573221922311355
50.06215088991218
55.88624442656677
43.00712606581165
57.11024149972554
51.6857177728136
56.30273527939538
58.815056393525914
53.87512419644482
60.38105380220677
55.198809904325856
53.81134298866398
61.44529836553483
48.47680594647626
53.66077696832633
51.0115250696809
59.12360071633341
54.56562037692728
52.27234300244435
56.023514782662986
42.05598183565066
47.6019291767259
46.95986771107724
55.493381830521116
55.859168110889314
52.771105049561505
55.53073489247288
52.8871503986753
59.21110129099379
34.11900005680634
49.361117307267264
52.12035970232441
53.46285637822942
54.586401168634254
59.855393414292124
59.58975135514414
53.98091746267791
48.94338348707344
47.26533429513702
58.13934489660098
55.25817553727326
52.89621913054305
56.12902594712584
56.130593586145984
49.86555825409311
52.30307885493971
59.33859934717478
55.44347495979236
49.01230519149753
48.12614299829563
60.13029687230512
55.26608178067632
52.17608657931697
57.65009155786441
47.62442585147072
52.75377530974721
54.23422107682136
59.16060224528505
44.65814604094653
48.40915795776773
44.28751091680789
55.68123749323515
50.87284932094979
57.44747381531472
56.6166222313483
52.54244339502849
48.98881626815012
59.61052425095553
61.194532565013375
58.75388040186361
48.57561095548546
56.025010017604515
52.81126063920998
52.85983288185732
59.018365631243356
50.907971433474145
53.07098218296643
50.05978711591438
49.45645830910843
55.54325128988392
54.67679411170257
53.943255200883755
48.37540908354479
58.22729447138063
49.55511436411312
53.58621130702728
57.55014532828369
54.51865866122364
53.527745467371886
44.53230051316009
56.84890376118164
53.19150518488442
56.8207874252594
54.3730153556999
44.14667080184749
49.79328609339278
49.67165896188558
46.35298133096231
54.00234922707585
57.91611916151199
51.9750537903168
54.78614296541454
52.03962950705265
53.973474139089895
53.29331173294952
49.39826167309197
50.80109520881819
53.535512428640835
46.57062931625205
54.147540448120886
50.63708791530339
55.275100854490674
57.06410741142079
52.77165290405047
31.911479858138094
57.54394719001346
52.99387604257599
50.257300676255184
48.524228422516046
53.527506524705444
47.08344616262377
48.71159342701557
48.92947300050779
57.58158628694385
58.40222003749126
52.992116011359094
54.93115920784121
54.93115920784121
59.23925699679392
53.63633737011658
56.266830541878726
51.49549717018913
54.35040373231304
50.910972169540486
48.57795162454558
52.58411270916766
51.48372900480339
47.09901764301573
41.172327358968104
57.80470444137249
49.36617533028668
51.06020719151205
42.89400499935369
50.94610952938192
54.31764840124231
50.92907753805276
55.185298927003
48.69724935645921
55.49669901142129
42.18817682127194
56.85353163552559
53.942952579741245
52.31507960370001
53.29002998695139
49.66418923520381
58.95705184767528
40.61240987052795
54.14270840518339
53.28995481791088
54.34398429953493
52.23772227580367
48.29708504697252
51.595306119582865
53.812758644953014
56.41470791918992
36.26175427318862
49.9935426097004
46.418990043547154
50.00428235182846
53.05256565485035
27.270978676764543
51.07033753303873
49.30848285092141
58.032821255921085
54.20627633689944
50.92866462293494
55.840347547830035
55.98849681561683
54.86053673730996
43.99965769371989
57.942350557807444
51.787784731217066
55.01078467676214
48.98041367171487
56.32807611629925
51.58857505918584
55.45110875246596
53.97824050601817
42.768936899104
55.59638371025939
50.56924854786256
58.02192228787422
35.333784078371366
51.627416117344616
51.688877486352624
60.27181655187819
56.74044198018556
54.636971292252866
40.7577219883142
54.64863235817223
56.70068737221118
50.36416480921095
52.516863537879985
53.76310849547531
57.452958988366596
48.01748658368014
51.54131998985054
52.155003894504986
35.27794964329031
55.327795480787195
55.20234174298194
54.19759732340167
52.29407306629307
49.75129798248445
53.63918615494254
56.67158567265089
49.328637155534324
46.89502469802551
53.351354162418346
54.517473003916514
51.74366278766411
46.9342122456381
48.05039099505612
54.622122064695716
54.340860383697596
54.151735694896885
58.333713086770786
59.29966392394472
50.2220612783579
56.56857735218561
55.66753087040068
51.78142534308766
52.8749603708824
50.87842654219431
53.77008344422864
53.24367141723547
51.326876699580914
49.8602219219223
53.892908318860414
50.04386610486561
52.01888678870847
56.36793410422364
49.43103826112268
54.623080390642315
60.03771317568125
55.766899464993436
61.327860855964765
55.26482453325131
50.47310743472434
57.33805654257445
55.86629829925867
57.66289113912189
35.025637038089826
53.65307502264341
53.443984395054414
62.635440379585525
48.114856177884405
60.39151719500309
50.714889027544324
49.206690689665884
51.000735098412086
44.563756532992734
50.041649426271704
50.9116602066772
45.725163193264464
46.27231897614671
50.2828861196585
53.418425366062706
53.927563505787525
57.136531808846705
49.71267146737788
56.06278393828357
56.85182757220805
55.51606006648303
48.781101406841586
51.199974248663594
43.400615352732565
51.80700225360374
57.039406251408764
40.31235002797071
48.38879825307251
55.778522592896316
55.44347495979236
58.22495413566716
58.168743459563906
58.610267055992175
54.32589931261851
54.31545815552289
52.01190109442006
53.271419342739
56.528302651697615
49.90304580100611
47.66152612253375
54.97537334325568
60.05038727039485
49.17064400437672
55.97376317106731
54.87354168088426
54.75858641385114
56.91765613312424
50.96009737095529
50.920590001003525
54.28277706213824
48.68653128342347
53.46452277841903
53.98275134571131
46.252515925344355
30.451163184967175
55.839773421343224
50.93255012065737
50.69249495035709
56.57098137944972
33.58995045436922
61.36028177570483
53.54795005080496
58.41639563712827
55.098811062084295
51.00034446671076
51.91769498726494
56.39130862325766
54.19092536656707
51.306655371249356
53.60605776761306
48.98819764571933
50.18700683521241
56.218852001409026
57.97739960507935
53.898634611821564
57.391394672172254
49.20093132153364
53.860879530690305
48.343018315643214
42.81175673154267
49.22517071129941
57.269102544944694
50.491506239917975
55.00376280496333
54.50430412793259
58.85644586968085
63.279134183075605
57.851315770244696
59.38265280983171
49.507398600702295
50.001436087713174
49.58611571517163
44.177968041520984
48.22363817594833
53.956126404092885
56.56649870956988
51.92938853185896
52.89563815086078
56.57821846442229
53.16664381744871
52.07864006560676
52.49477432850929
56.03131382733971
51.96655513181773
55.893749412880034
49.22475263803096
51.486920450377106
60.20019732930972
47.093184171497334
51.73771659154773
55.23854550305798
31.694278127471943
49.57920912230747
53.87828325322316
55.69567859499656
50.206197712288095
33.543594025297054
52.261346984722366
59.85817021424466
50.318354675495065
50.69419896191796
52.87793942421309
53.04498636369886
55.140197037784596
57.43279954064909
31.477496603350982
53.26277107681123
32.28896013012765
50.56930780572306
56.308347098565626
63.41857352870928
58.517531204620674
42.51176076081551
53.35118191132586
53.46451151438812
57.37761945286314
63.41857352870928
48.873258125286625
54.30260723583491
55.41622721092546
51.0429038112607
53.871176939723114
53.0036664998585
49.703789028080884
58.10567676102943
54.078572523296614
53.10087836538588
50.97419743540941
56.1228062076307
42.61186259693065
46.928349768074476
53.27707858171245
49.45234036813259
51.5536044586379
56.81690177654271
42.816171953136305
59.725352391616326
49.94075544109838
54.29064599453243
52.06458688418153
43.889662375914156
49.5806477742226
49.710794536448496
55.26325666204578
46.63704530820714
57.02425054874719
51.0429038112607
52.56175831386531
53.65822408362835
49.50410397860579
56.424052732794685
52.84450152738507
46.984152361349835
53.99206290907021
51.72306788583422
48.38481869806175
55.56321858461564
57.117666419080145
54.50731934859103
52.55513066009098
51.955148034750735
55.79704528176962
51.50580349742571
59.70525489126274
38.04141948065704
50.636191291408565
53.14838589833735
53.73011433272896
49.73865608643554
58.45293966497278
51.222995510453046
47.06243413143596
55.59289322165738
51.74096168158857
43.41825346921462
56.14646560251474
52.40026450336526
47.86384542944756
55.223257620431035
51.18165748124322
54.21303546895836
53.934839303317844
57.02087636986926
52.73378768646873
55.95381514248302
48.55820080420259
48.197714093941514
50.49770283965544
51.30083449673165
58.05496907797056
51.7711923205748
58.481689469601264
52.84828830043599
50.51755937040878
54.863190794373615
57.13681963201426
51.43850459206387
54.31795852543714
57.90790401448997
56.30273527939538
49.35438652662001
55.11391804669383
50.18700683521241
52.51509200494487
57.81497929433746
55.21143606472317
57.14020179343384
55.11002792445289
56.92872851572707
50.85529726985009
56.793860353517836
49.660331464755565
48.64229749771381
53.67200105748302
63.41857352870928
61.327860855964765
52.45868622943644
49.59782258696696
56.90452351418005
53.351354162418346
56.09815726838327
52.46548456150901
54.46240386447218
58.1039967993728
58.46536184009426
43.43354720687745
53.332428685737575
47.94967232497179
58.04350018034499
57.47581627864912
50.371025699451536
56.86935297412864
53.76345755273077
55.29487286485268
51.45107761449525
37.62284362046307
64.0708603131652
46.662602245357625
53.04498636369886
51.20180296432272
55.961962840678964
52.80959790015257
52.92318847232179
44.83760151859281
47.07454974312351
51.72090085499261
54.92431106814227
51.599861406471014
55.762000730722086
60.27181655187819
50.943721401955
51.73747574167367
54.93399918693251
59.61368538423752
60.56609610146913
53.903371387753076
52.26976231347182
57.46699265216019
46.87663999146792
48.50673992936085
51.86667279221262
55.73878864127453
55.41480402923665
55.67924213533877
61.04326060405479
55.316143952707634
57.21763220194722
52.224957398961216
52.81798245248675
53.60249145936607
58.25682565033099
57.96736454826824
53.463087454596774
48.719035230098
53.28527445725605
54.76294711258195
55.961962840678964
53.22537999581254
53.475312218515164
40.3360401157691
49.73039743336094
51.45131880889045
56.5362265291677
41.32895837117349
59.04687535210833
55.35306705142059
60.04522633072159
49.02921935782771
47.10445537640319
55.623976861238695
54.20412444362117
53.903453626401564
53.508461218423
58.194114886877216
52.94481598972111
53.49159964806794
53.90828847811383
57.31200972163831
54.41550740822839
51.02516423179512
55.562112689394034
48.064341371700586
55.43494824633149
56.313214036783485
55.24976724216091
53.10634629094519
48.823455705115066
52.54389885714092
55.72586200837253
53.28321186478676
54.87384005649235
55.92196222312827
54.637862471746715
54.69168119494261
47.49506702346987
50.33591993936795
44.47241938582672
52.48690165003206
55.277459614879895
48.00386662063558
52.01985288665733
52.84540008706278
49.09755120563654
42.62184961811028
50.86085207574124
55.62406293834093
47.06680643257412
56.64986173570946
46.89520954682671
54.55543437625528
50.66089864822471
56.44671661058167
54.3523417167268
47.049507007551696
53.551983892202074
60.261041257500864
45.72765974656109
60.831506844365606
52.20758964361207
50.587438149197816
50.408561555093534
58.642946820096576
53.31130348341681
53.63320819263505
53.37059160933733
51.43008724455489
53.096843087114976
59.41659014512606
58.171604457206236
45.53698196781949
49.22470075506884
56.37633979786637
49.662590190155086
54.90539374166953
56.2694908697639
50.88867491338725
54.40600739752523
39.636390274698385
50.00353706038457
54.79339166957151
51.019962358781534
57.28350855954298
53.20212206957009
49.52430760196186
53.87251638723496
55.755606190257325
55.108171898430484
53.44508988314105
53.13058926657631
49.69679818836368
51.94731885324982
49.463097417682285
51.46781614097222
48.78616250952357
50.115593488459346
57.187704528945716
56.64889172953034
57.2401899598918
56.852728006429956
44.68949462574138
53.8827546962021
60.88954600336065
48.489633972654346
52.8830805152152
58.501243435176285
57.63035640893321
51.546256306151086
51.616113790829814
51.79109025248852
50.500984639696796
48.830054310063105
42.0701451726137
50.787867257920965
61.11223139077608
52.222263592944856
58.21046338137797
52.40562908715854
50.21228597477081
57.47548548815738
53.92154323707518
54.84207647169106
60.27689485767369
52.99343015919139
54.46893640285259
43.260046712450276
45.29251650122176
54.328064689513326
56.54443603493801
54.22365902797652
53.10701755288245
56.628448087666165
52.0148619584894
55.80271494505769
41.4123345433351
52.312291329584504
63.298796317694595
59.287372012322635
54.51140532574382
40.88112244548849
50.93586680435468
47.718799659654664
58.12145061110588
56.93458523435936
62.635440379585525
56.09330011384899
56.58270942407499
53.56747150323682
56.20185587543165
46.06034981864879
50.305306506857086
52.06642236183784
41.73830254475529
50.99548063165602
47.00353376893886
54.58164086141574
34.62108507556741
50.777067957047414
57.392245649463504
54.45967057803363
48.88950660290653
56.88129500387011
51.63140638073133
55.64143271017981
57.56494921515707
54.756250795621135
58.18367753789336
59.155638813259976
47.11744795004861
49.3761493076579
53.970297763600236
47.503672020109455
60.27331702758109
53.22474808356608
40.58645303766196
63.504512844445784
49.66680633454125
52.10313914885228
51.528683658521274
52.215773550008535
58.382424331321474
52.0180010742463
51.69213462818623
56.40884186835135
52.65312787968468
52.71775189132741
58.21826586467758
53.88914520458747
54.39616696686866
54.970556641037014
54.56562037692728
50.66795050913123
37.80490987398071
39.01077520755384
56.289518355356854
51.847757287369035
57.92529077654601
52.64870408943524
49.992012386253656
56.94492367325611
51.816813819309196
55.95062385240666
54.04323919355175
49.22952388018213
52.9142979020693
51.12555312919882
52.0182641573135
53.33526873717557
50.25004530872994
56.2516461646162
56.906400360600216
55.39173601016176
50.80557057311991
47.754226168110804
48.66354869171181
53.27427108730789
52.25165403830261
46.52804131601521
55.198809904325856
58.03647250338309
53.942952579741245
55.53469784818988
49.611408744737645
57.786820778186474
53.03519952369081
46.940356570196975
55.53816183910885
60.01057780622966
50.32463581469434
59.018365631243356
55.53656518199394
50.40807183021662
55.716920127992815
52.81057346299606
52.019713163751774
57.3312637398662
55.895226298806556
54.940538562721585
55.96225127289161
65.07798490804478
53.7488756181723
52.238220972696205
51.15167668362379
54.51496469053428
50.18095241612535
51.6969382742885
55.778036674979425
42.780400639124885
50.239169694364534
53.64202240058848
51.04653293890421
44.27140138485256
47.96108304802986
47.41068436602221
56.44561673045844
54.070531592017375
58.27368541355073
56.47748226036887
58.7366258666241
46.10243490939973
57.494050556078975
48.69320622241288
51.659516217877915
57.50627415752788
57.091833167328694
44.77437950339835
57.851315770244696
57.39710245211495
49.928490451561004
54.383140919778725
54.91611984207289
55.21003557185375
54.93115920784121
58.856720015816386
49.270867749428355
50.92769475645466
47.45904202924723
53.9743419747402
49.28087286403221
50.18851001851193
51.77433006738202
41.896187574546374
54.83468064205008
52.58205396507372
59.32418518706044
51.41582371963228
54.5237860922071
65.07798490804478
61.21647471552549
53.90587893459519
40.8898926376366
56.90925906498434
46.895753513740516
54.30329290380605
50.763771697975926
52.1502044102192
58.153370617095675
52.65976808752492
52.22452816175304
52.63945319145054
55.257661647771606
53.05123880144499
51.659341094419176
50.78216559186687
50.30634222782488
57.514960699982225
49.76406502450333
54.6461446761268
53.79491412939457
55.05083677501532
48.36959279280831
48.51077982884528
55.69572623862391
49.02922035644628
51.793553166069024
56.52855561760224
58.9120713861232
54.557324401373776
57.008033199370615
59.018365631243356
53.45399515512513
49.90039309768534
51.22025458221458
53.58759283080589
50.41722246673381
54.07889112615186
56.57855262809714
48.34886912978975
45.51753592463235
52.242603249141105
49.692447477325906
50.783459035467025
56.974828560539876
58.77610951749052
58.75579914783487
53.90182740922868
54.26401088031946
56.03131382733971
46.288741742762696
45.816843194651604
57.13203494168163
53.19801169472019
54.64745697874115
45.73267658122184
52.49918490041547
59.11963898774367
49.58611571517163
53.436766964613405
50.4969053444742
50.22734800936243
49.836188655425694
49.6603413514961
57.26430956754008
45.37827323000951
58.798450082357306
55.10900173255811
51.743681972803586
55.2660957271273
60.062308516683075
45.85052097491104
51.90373704344576
47.965345202078545
53.3921636435908
58.555804731717906
52.78203394532221
50.704838999824894
55.79948333110028
57.82356640769764
53.10149860649357
48.74858154894317
53.640580488408055
50.134425058001995
48.61864507271785
54.9721010583583
51.72722635257765
58.024531268638654
56.829652381916794
50.139058724270996
58.290436512556944
56.9974668459251
59.1734912389101
51.70730496900799
47.80294312735663
56.00728294652073
48.61471244099924
56.18973058650329
49.22159751900126
51.21632435606576
51.35474869264046
58.27368541355073
48.44427025011473
51.81292665653708
58.07521885131161
53.57980328383201
55.50565226824255
47.23017690093661
45.53665295580302
53.01692552683265
52.335881084435
48.64965093997852
53.79283532504381
51.381068009189065
61.71468351149963
51.44029652870532
59.04400189322125
56.27914708615266
48.15242656699145
51.21456887503851
54.48915315014163
51.15192444020272
50.69701922288404
48.9098691238657
53.76444687201796
54.6461446761268
52.79123591304299
53.27828035927792
54.21835000258515
53.96465698475143
55.14835668493209
50.95818908414414
49.3102045900639
50.74501188337795
52.43906267564041
51.68090968907275
58.26631343034641
39.93326760708991
51.51520495337537
51.966251497116154
55.623976861238695
51.79476690911902
50.689982605039674
53.36375725224479
55.35984392869819
53.42073566437349
53.195644802233815
56.172450555888446
53.30684365066104
52.071385855991814
58.02686721266224
52.660639946762046
48.579636408411346
56.6817771110985
55.94736669511067
55.87057007093967
58.677220308486824
49.30874671134546
53.21717036598803
43.747156669296544
52.15663214206733
52.843235897328135
51.74168126907427
49.7762057884203
48.461112037877214
55.13276964010144
48.88115282487239
52.51721401738424
55.517882437899736
52.168988711680356
61.08982541630972
57.81214230410115
50.93586680435468
52.592950950854195
51.62918998185424
46.24299201412869
55.77409894297672
34.420471444263214
46.29498845327043
56.92500768449081
51.688840262360905
52.89526146957616
54.245920220448625
49.263311320025196
50.86798752943362
55.39041339048475
55.91970791653189
43.575621822762876
54.582640811085476
61.4271431361032
56.74747977326824
50.15053210149667
58.85283373944725
46.9387210826101
50.5502802169955
52.10392635436901
53.79074583228914
56.48043591440516
49.23824198392264
51.04653293890421
58.76127677831294
50.3277227877697
50.070619345509805
46.93162403049486
47.49921151185781
48.4828166478843
52.70822221515765
47.882580097420856
59.137875226479196
49.909336460625205
46.91788165436649
54.458492709274836
49.799481562148216
57.28812003573536
50.42469833364322
49.89274305784764
47.575997691093974
48.329785059784214
36.99804190823639
54.75407699358421
56.217908642118886
57.98659776519766
41.90563489063905
51.443461176152816
54.52153937616385
56.28649435626281
52.43515599451337
60.9275206604767
48.41453245606213
52.25872666389586
53.945695216861004
51.52720096276255
50.16081744728392
52.592950950854195
51.71207388652279
46.92091388560127
55.2139637032016
52.725497947879624
47.054791155202125
56.94203440557708
56.12426764176648
54.130612694981934
55.86195056463622
56.893862017776044
47.90493097798342
45.723385018022775
56.86783033177057
44.133698106175835
53.743512337032705
54.26282531575527
54.64804022538811
53.99958034783375
52.97570344332991
57.78704150615802
49.99100370792677
52.01190109442006
61.115127228957206
54.57871470722069
55.40983319922403
46.49590075426521
50.35328867482293
55.83955597350436
54.80062564236611
52.87211927873521
44.99030788562069
54.8602684226039
54.23422107682136
52.30077762580459
53.69507399790958
54.46170336040773
55.089263403036874
56.44264600705397
54.70743343756184
56.92872851572707
53.37041943080273
58.614114110464435
51.32371115459932
54.29238305486175
54.12561257242824
54.28860850691553
51.785044307330494
54.21520541979126
56.808220288236186
51.400780591171994
58.915184796640226
56.04737906275071
61.32674422690644
43.61206381274014
51.78448993871357
55.300242979323656
50.55091806761131
51.206240738825784
53.495016330597366
55.424154238370846
58.09197157729655
56.92807016570862
55.723819174690554
50.40268365753716
46.71188481271385
49.328554256824276
34.256861282455816
59.19346360670936
52.50098290944744
50.607719912609326
51.08999394044628
37.82068992660599
54.01218769918971
53.055077548636554
48.60966591199283
54.365713287368614
53.15011388907093
53.809754785792016
56.8846431204874
53.07776586306429
50.389208295099735
48.33807522574477
49.43103826112268
56.798361948482174
51.38800806405104
52.92040743881621
58.1803555094597
55.99103731620936
55.251855533106124
54.432086502873396
40.44754269988032
56.47738713765143
60.774341634655826
51.43945070150717
49.722478563474986
60.05814670631209
51.45710557948511
58.04892075658483
54.50538206720269
48.09210729596158
53.92172049774925
50.99423266806928
44.220669486214504
49.36259186472034
50.80111246119621
49.738173079498324
49.51089185209204
57.06098939048429
47.93280032598258
53.59505607920588
56.83705969346042
54.13162193827713
50.73140901483653
59.76127481020484
53.555209696514765
48.22161968761787
45.298680112542016
45.12744320554811
45.05673747534278
49.91851675945757
58.86301836911784
55.04724021095904
55.12679475518509
54.99585156408362
55.59737914589764
57.45281225743404
53.809465209587756
50.152871402706985
55.44173944131602
55.49560109679474
58.188693412646245
59.999171550493415
47.335732098493395
53.77140449897442
52.545548240385564
52.33274161403551
48.22734685086424
51.53381172629671
41.78319380696184
49.90773268226884
54.14674687042116
51.72254392209454
54.91821801932564
49.79328609339278
56.80941372707671
58.22729447138063
58.96221225581093
54.7844959800681
50.670639308051605
45.43485456762686
49.68735820146785
54.55821882233036
37.60375277338336
53.096450948633596
49.35509371538144
48.86588592464619
45.59597065500444
58.456578090369995
53.988917069385465
55.943784556702276
55.97289354661183
47.7922968957828
59.26393131547908
53.28820866403174
49.91194818371275
58.76710532840931
50.40716748568466
55.28987871099717
53.60082840319561
55.05807766736801
49.57205304168481
50.95948413067848
56.2534767483728
53.30942172898362
56.180243475205096
53.43654482361232
56.95363179205895
47.96435437152629
49.629162230891005
51.01321353110978
46.709561493283644
45.27651781098876
54.953813977646554
53.80624994128937
52.424734350819435
51.75957797421811
55.73878864127453
46.962491188000165
56.3451488720553
57.675352355222294
51.733233552691004
55.197876933666315
54.48443746418744
55.32072663758395
50.744325838232285
57.43698570351671
53.22393175606944
61.74784716403873
50.39538936516889
51.92997120508761
52.82575836804454
47.89712736347949
53.241905762274655
55.623976861238695
39.20846401134777
52.76189006158007
55.03869551640548
57.49714388931408
57.944501091000845
49.72648055224905
54.556575876725965
57.46333263782354
56.425361182036646
52.843235897328135
48.2904105969627
51.11079456567758
59.188033643610616
50.35328867482293
56.210441935807715
48.94073088231795
53.58610190172869
59.669118128547005
49.458339535294186
51.19950905745159
52.42559277576077
50.33721389012251
59.19346360670936
46.40530419875938
57.604018846170064
55.56104508260737
56.47360292367057
52.11092884750306
56.27278019798724
56.50269388781172
56.64986173570946
46.08935561674681
59.25806379157875
54.65335993726607
53.13547391134533
32.78335780740428
40.891778372578486
55.84399004741858
56.381814929186724
51.00651802173021
56.033297711282344
54.82034888030107
56.40202442157618
56.41618938110353
56.59960003626966
56.84475004387541
49.24850067120217
53.914003515654315
54.557324401373776
48.6339564175014
53.16070032556297
50.192426953475994
55.53294884343185
51.22637725829729
48.944714784721064
50.5650287689679
47.69318385023574
56.227179864997865
49.70711878434409
54.80141061056147
47.57875198293846
47.61505221005829
53.89462394717655
47.40710069286034
57.06197900109868
48.799031190290556
59.485327918573226
55.02959166707142
43.74592906249116
53.01565953039367
48.59855827762976
50.321801023038475
60.021104697191284
49.95444525744723
50.401919605125784
51.34472480871337
53.02771604691877
49.665869936313634
49.60702361962722
56.39471285990576
54.6406101913062
55.899202551398105
58.16370998706328
47.83286680566077
44.54445820584252
56.27573356955088
58.78072849720615
55.53521265398418
54.30049005663676
54.11955820538873
48.135173773887956
49.30379894629949
55.20764115987817
38.990771113269865
58.15644897445784
56.67959802474638
54.46205673502863
46.99925856043199
55.10771377400323
44.77437950339835
54.557436147372094
57.38443591992212
55.461162859343524
52.07864006560676
56.359099561351236
61.08982541630972
55.2115472143223
55.62314893663593
47.83901143615493
37.42215316222801
57.87128886474216
48.60881887762316
50.99885125804073
38.649264165427404
56.03131382733971
50.098251494101945
54.44123323564285
56.05873469416386
61.74784716403873
56.222597845205684
51.21180065704704
51.88714790292179
57.55014532828369
51.015854554816364
52.01865954483273
47.44851158115803
48.16564705424128
48.98041316989631
45.62610878230916
55.833636080584895
35.02420741222659
61.06268896378444
48.85281717471966
57.6885093245399
53.85469881511339
55.85609056180295
58.1039967993728
55.59737914589764
59.97414955324492
54.65452911751907
49.42177273699705
56.528302651697615
54.11035513437045
54.612530633602084
50.22734800936243
54.62401688705714
59.46790557240325
59.47521068548323
59.572750951357825
57.10107198183071
54.30329290380605
55.64809403660922
44.31587999606094
49.81339336244059
53.30548127140193
49.630457573001024
47.78807496647179
57.999681735772896
54.699044139215026
49.05855919488123
43.293781270635925
55.78060444039194
46.529509946983204
52.85983288185732
50.85344820556607
51.13168366193809
53.39470102024241
51.59726899347808
52.33097547550212
52.476650280594235
54.58548369329196
50.68067081982425
54.68683579335628
50.56924854786256
57.51394704296569
53.71823219362751
52.32025199895903
51.143793918623544
53.38183189094385
54.53575018295678
58.27325622654189
53.6377974036185
48.43279325239754
51.27948662363946
58.88658255335523
52.06106337634509
54.43189526849419
52.59908309531779
32.54854269473674
47.681426293310096
59.5814819931043
48.18685135689305
51.60047210530271
52.45995967684604
57.484107967412406
49.42296719423606
58.070513117217004
50.53141835192125
53.96465698475143
57.38443591992212
49.87905474733288
53.79679138322318
56.90746677520637
55.51140269832293
58.757652273695236
49.953086154733704
48.64699210847984
55.1582587023133
49.824708153880664
59.40370403157364
51.7711923205748
54.36521496074688
56.48051515038417
60.66380605205617
56.94203440557708
55.956649984252536
52.46000877198974
52.9152911466079
47.266963216373
57.359910187974215
55.63405342860414
54.52498645045616
54.736788941827164
52.42433489149943
44.928592383632584
50.53390674452599
49.481359470176464
59.906528996827475
41.975651968103556
49.839972693936126
50.39424488735214
55.12613291486018
46.993067261678846
48.495387685496326
52.25056432391741
52.96341049788014
60.594947484891534
49.7639385894601
